1
8
10
6
1
1
1
1
2
1
1
3
3
5
1
1
1
1
4
4
4
4
4
4
3
3
3
4
3
3
3
3
5
3
3
3
3
4
4
3
3
3
3
4
4
4
2
0
2
7
13
1
12
4
31
1
1
17
5
5
1
1
8
1
1
1
2
1
2
3
2
1
1
2
1
3
2
3
3
2
2
2
2
1
2
2
2
2
1
2
2
2
2
2
1
1
1
2
3
2
2
1
3
1
1
3
1
2
1
2
1
1
1
3
2
1
1
0
2
2
1
1
1
2
1
1
6
12
1
1
21
19
1
2
5
4
1
1
1
1
1
7
7
6
1
4
15
5
6
2
1
4
2
2
6
2
5
1
1
0
17
13
7
2
1
6
3
5
5
6
2
4
3
2
1
5
12
5
4
10
6
2
0
1
1
5
7
3
5
5
5
2
5
1
2
3
3
1
2
2
1
1
1
1
3
5
1
1
1
1
1
6
6
1
1
2
1
1
4
4
4
1
1
1
1
1
1
2
2
2
1
1
1
1
2
1
1
2
2
3
3
3
3
1
1
1
1
1
1
1
1
1
1
1
